1         2         3         4        158 168 82 165          
5        153 126 71 143          
6        170 102 64 128          
7        194 103 52 104          
8         9         10         11         12         13         14         15         16         17        175 92 55 109          
18        123 92 75 150          
19        137 50 65 128          
72        96 145 192 20        103 76 73 146          
21         22        66 87 84 169          
23         24         25         26         27         28         29         30        85 177 42 84          
31        172 203 198 93          
58        50 116 101 32        190 168 85 170          
33        176 128 69 139          
34         35        199 103 56 111          
36        115 13 135 63          
40        78 79 155 37        107 69 74 148          
38        193 89 75 151          
39        194 85 76 152          
40        194 83 77 154          
41        209 106 61 121          
42        134 80 73 146          
43         44         45         46         47        169 122 62 123          
48         49         50         51         52        79 96 75 150          
53        31 189 62 124          
54        89 120 151 58          
55        124 109 247 55        211 121 46 92          
56        13 187 58 116          
57         58        70 193 121 141          
48        96 96 193 59        48 104 20 125          
107        163 72 61 49          
145        122 97 60        103 102 83 167          
61        29 106 182 92          
40        61 79 121 62        28 186 86 184          
109        92 39 76 87          
78        152 174 63        101 80 71 142          
64        183 96 108 76          
75        84 150 169 65        174 102 76 153          
66        79 167 129 89          
49        86 98 172 67        64 117 67 134          
68        51 122 90 181          
69        91 170 37 73          
70         71        83 205 146 126          
46        36 92 72 72        76 112 42 83          
73        78 116 43 86          
74        64 106 60 120          
75        65 116 79 158          
